9,2
9,3
8,8
8,7
8,14
8,15
8,1
8,13
8,2
8,3
0,318
12,2
12,1
12,3
20,2
20,1
20,3
19,2
19,1
19,3
18,1
18,3
14,1
14,4
14,3
13,1
13,3
2,2
2,1
2,3
122,0
121,7
121,6
121,5
121,4
121,3
121,2
121,1
121,0
120,5
120,4
120,3
120,2
120,1
120,0
119,4
119,3
119,2
119,1
119,0
118,4
118,3
118,2
118,1
118,0
117,5
117,4
117,3
117,2
117,1
117,0
116,6
116,5
116,4
116,3
116,2
116,1
116,0
115,4
115,3
115,2
115,1
115,0
114,21
114,20
114,19
114,18
114,17
114,16
114,15
114,14
114,13
114,12
114,11
114,10
114,9
114,8
114,7
114,6
114,5
114,4
114,3
114,2
114,1
114,0
113,4
113,3
113,2
113,1
113,0
112,10
112,9
112,8
112,7
112,6
112,5
112,4
112,3
112,2
112,1
112,0
111,4
111,3
111,2
111,1
111,0
110,6
110,5
110,4
110,3
110,2
110,1
110,0
109,4
109,3
109,2
109,1
109,0
108,4
108,3
108,2
108,1
108,0
107,5
